SAj = 13,000 \ SBi = 13,000
Транспортная задача - сбалансированность
Начальный опорный план:


    7   -1   -1
   -1    4    2
--------
F=   39
--------
Опорный план после устранения вырожденности:

   7  -1  -1

   0   4   2

--------
Потенциалы:
u:
  0
  2

v:
  1  2  6
--------
Матрица оценок свободных ячеек (если ячейка занята - ставим 88)

  88   0  -1
  88  88  88

--------
Матрица цикла перерасчёта:

  -2   0   2
   2   0  -2
--------
Новый план:

   5  -1   2
   2   4  -1
F=   37
--------
--------
Потенциалы:
u:
  0
  2

v:
  1  2  5
--------
Матрица оценок свободных ячеек (если ячейка занята - ставим 88)

  88   0  88
  88  88   1

--------
Оптимальный план:

   5  -1   2
   2   4  -1
Fmin=   37
                     Simplex table
Position Basis
       6   200
       7   200
       8   200
       9   200
      10   200
 c[ 0]=   1 c[ 1]=   2 c[ 2]=   5 c[ 3]=   3 c[ 4]=   4 c[ 5]=   8 c[ 6]= 200 c[ 7]= 200 c[ 8]= 200 c[ 9]= 200 c[10]= 200      b

 [0,0]= 1,0 [0,1]= 1,0 [0,2]= 1,0 [0,3]= 0,0 [0,4]= 0,0 [0,5]= 0,0 [0,6]= 1,0 [0,7]= 0,0 [0,8]= 0,0 [0,9]= 0,0 [0,10]= 0,0 [0,11]= 7,0
 [1,0]= 0,0 [1,1]= 0,0 [1,2]= 0,0 [1,3]= 1,0 [1,4]= 1,0 [1,5]= 1,0 [1,6]= 0,0 [1,7]= 1,0 [1,8]= 0,0 [1,9]= 0,0 [1,10]= 0,0 [1,11]= 6,0
 [2,0]= 1,0 [2,1]= 0,0 [2,2]= 0,0 [2,3]= 1,0 [2,4]= 0,0 [2,5]= 0,0 [2,6]= 0,0 [2,7]= 0,0 [2,8]= 1,0 [2,9]= 0,0 [2,10]= 0,0 [2,11]= 7,0
 [3,0]= 0,0 [3,1]= 1,0 [3,2]= 0,0 [3,3]= 0,0 [3,4]= 1,0 [3,5]= 0,0 [3,6]= 0,0 [3,7]= 0,0 [3,8]= 0,0 [3,9]= 1,0 [3,10]= 0,0 [3,11]= 4,0
 [4,0]= 0,0 [4,1]= 0,0 [4,2]= 1,0 [4,3]= 0,0 [4,4]= 0,0 [4,5]= 1,0 [4,6]= 0,0 [4,7]= 0,0 [4,8]= 0,0 [4,9]= 0,0 [4,10]= 1,0 [4,11]= 2,0
Z_function =
       -1,0       -2,0       -5,0       -3,0       -4,0       -8,0        0,0        0,0        0,0        0,0        0,0        0,0
Z_function_M =
        2,0        2,0        2,0        2,0        2,0        2,0        0,0        0,0        0,0        0,0        0,0       26,0

(b[i] / A[i, j]) * z_fuction_M[j] == Матрица со всеми тао домноженная на Z_М
 [0,0]=  14 [0,1]=  14 [0,2]=  14 [0,3]=Infinity [0,4]=Infinity [0,5]=Infinity [0,6]=   0 [0,7]= NaN [0,8]= NaN [0,9]= NaN [0,10]= NaN
 [1,0]=Infinity [1,1]=Infinity [1,2]=Infinity [1,3]=  12 [1,4]=  12 [1,5]=  12 [1,6]= NaN [1,7]=   0 [1,8]= NaN [1,9]= NaN [1,10]= NaN
 [2,0]=  14 [2,1]=Infinity [2,2]=Infinity [2,3]=  14 [2,4]=Infinity [2,5]=Infinity [2,6]= NaN [2,7]= NaN [2,8]=   0 [2,9]= NaN [2,10]= NaN
 [3,0]=Infinity [3,1]=   8 [3,2]=Infinity [3,3]=Infinity [3,4]=   8 [3,5]=Infinity [3,6]= NaN [3,7]= NaN [3,8]= NaN [3,9]=   0 [3,10]= NaN
 [4,0]=Infinity [4,1]=Infinity [4,2]=   4 [4,3]=Infinity [4,4]=Infinity [4,5]=   4 [4,6]= NaN [4,7]= NaN [4,8]= NaN [4,9]= NaN [4,10]=   0

Rules = [ 0, 0] =  1
                     Simplex table
Position Basis
       0     1
       7   200
       8   200
       9   200
      10   200
 c[ 0]=   1 c[ 1]=   2 c[ 2]=   5 c[ 3]=   3 c[ 4]=   4 c[ 5]=   8 c[ 6]= 200 c[ 7]= 200 c[ 8]= 200 c[ 9]= 200 c[10]= 200      b

 [0,0]= 1,0 [0,1]= 1,0 [0,2]= 1,0 [0,3]= 0,0 [0,4]= 0,0 [0,5]= 0,0 [0,6]= 1,0 [0,7]= 0,0 [0,8]= 0,0 [0,9]= 0,0 [0,10]= 0,0 [0,11]= 7,0
 [1,0]= 0,0 [1,1]= 0,0 [1,2]= 0,0 [1,3]= 1,0 [1,4]= 1,0 [1,5]= 1,0 [1,6]= 0,0 [1,7]= 1,0 [1,8]= 0,0 [1,9]= 0,0 [1,10]= 0,0 [1,11]= 6,0
 [2,0]= 0,0 [2,1]=-1,0 [2,2]=-1,0 [2,3]= 1,0 [2,4]= 0,0 [2,5]= 0,0 [2,6]=-1,0 [2,7]= 0,0 [2,8]= 1,0 [2,9]= 0,0 [2,10]= 0,0 [2,11]= 0,0
 [3,0]= 0,0 [3,1]= 1,0 [3,2]= 0,0 [3,3]= 0,0 [3,4]= 1,0 [3,5]= 0,0 [3,6]= 0,0 [3,7]= 0,0 [3,8]= 0,0 [3,9]= 1,0 [3,10]= 0,0 [3,11]= 4,0
 [4,0]= 0,0 [4,1]= 0,0 [4,2]= 1,0 [4,3]= 0,0 [4,4]= 0,0 [4,5]= 1,0 [4,6]= 0,0 [4,7]= 0,0 [4,8]= 0,0 [4,9]= 0,0 [4,10]= 1,0 [4,11]= 2,0
Z_function =
        0,0       -1,0       -4,0       -3,0       -4,0       -8,0        1,0        0,0        0,0        0,0        0,0        7,0
Z_function_M =
        0,0        0,0        0,0        2,0        2,0        2,0       -2,0        0,0        0,0        0,0        0,0       12,0

(b[i] / A[i, j]) * z_fuction_M[j] == Матрица со всеми тао домноженная на Z_М
 [0,0]=   0 [0,1]=   0 [0,2]=   0 [0,3]=Infinity [0,4]=Infinity [0,5]=Infinity [0,6]= -14 [0,7]= NaN [0,8]= NaN [0,9]= NaN [0,10]= NaN
 [1,0]= NaN [1,1]= NaN [1,2]= NaN [1,3]=  12 [1,4]=  12 [1,5]=  12 [1,6]=-Infinity [1,7]=   0 [1,8]= NaN [1,9]= NaN [1,10]= NaN
 [2,0]= NaN [2,1]=   0 [2,2]=   0 [2,3]=   0 [2,4]= NaN [2,5]= NaN [2,6]=   0 [2,7]= NaN [2,8]=   0 [2,9]= NaN [2,10]= NaN
 [3,0]= NaN [3,1]=   0 [3,2]= NaN [3,3]=Infinity [3,4]=   8 [3,5]=Infinity [3,6]=-Infinity [3,7]= NaN [3,8]= NaN [3,9]=   0 [3,10]= NaN
 [4,0]= NaN [4,1]= NaN [4,2]=   0 [4,3]=Infinity [4,4]=Infinity [4,5]=   4 [4,6]=-Infinity [4,7]= NaN [4,8]= NaN [4,9]= NaN [4,10]=   0

Rules = [ 3, 4] =  1
                     Simplex table
Position Basis
       0     1
       7   200
       8   200
       4     4
      10   200
 c[ 0]=   1 c[ 1]=   2 c[ 2]=   5 c[ 3]=   3 c[ 4]=   4 c[ 5]=   8 c[ 6]= 200 c[ 7]= 200 c[ 8]= 200 c[ 9]= 200 c[10]= 200      b

 [0,0]= 1,0 [0,1]= 1,0 [0,2]= 1,0 [0,3]= 0,0 [0,4]= 0,0 [0,5]= 0,0 [0,6]= 1,0 [0,7]= 0,0 [0,8]= 0,0 [0,9]= 0,0 [0,10]= 0,0 [0,11]= 7,0
 [1,0]= 0,0 [1,1]=-1,0 [1,2]= 0,0 [1,3]= 1,0 [1,4]= 0,0 [1,5]= 1,0 [1,6]= 0,0 [1,7]= 1,0 [1,8]= 0,0 [1,9]=-1,0 [1,10]= 0,0 [1,11]= 2,0
 [2,0]= 0,0 [2,1]=-1,0 [2,2]=-1,0 [2,3]= 1,0 [2,4]= 0,0 [2,5]= 0,0 [2,6]=-1,0 [2,7]= 0,0 [2,8]= 1,0 [2,9]= 0,0 [2,10]= 0,0 [2,11]= 0,0
 [3,0]= 0,0 [3,1]= 1,0 [3,2]= 0,0 [3,3]= 0,0 [3,4]= 1,0 [3,5]= 0,0 [3,6]= 0,0 [3,7]= 0,0 [3,8]= 0,0 [3,9]= 1,0 [3,10]= 0,0 [3,11]= 4,0
 [4,0]= 0,0 [4,1]= 0,0 [4,2]= 1,0 [4,3]= 0,0 [4,4]= 0,0 [4,5]= 1,0 [4,6]= 0,0 [4,7]= 0,0 [4,8]= 0,0 [4,9]= 0,0 [4,10]= 1,0 [4,11]= 2,0
Z_function =
        0,0        3,0       -4,0       -3,0        0,0       -8,0        1,0        0,0        0,0        4,0        0,0       23,0
Z_function_M =
        0,0       -2,0        0,0        2,0        0,0        2,0       -2,0        0,0        0,0       -2,0        0,0        4,0

(b[i] / A[i, j]) * z_fuction_M[j] == Матрица со всеми тао домноженная на Z_М
 [0,0]=   0 [0,1]= -14 [0,2]=   0 [0,3]=Infinity [0,4]= NaN [0,5]=Infinity [0,6]= -14 [0,7]= NaN [0,8]= NaN [0,9]=-Infinity [0,10]= NaN
 [1,0]= NaN [1,1]=   4 [1,2]= NaN [1,3]=   4 [1,4]= NaN [1,5]=   4 [1,6]=-Infinity [1,7]=   0 [1,8]= NaN [1,9]=   4 [1,10]= NaN
 [2,0]= NaN [2,1]=   0 [2,2]=   0 [2,3]=   0 [2,4]= NaN [2,5]= NaN [2,6]=   0 [2,7]= NaN [2,8]=   0 [2,9]= NaN [2,10]= NaN
 [3,0]= NaN [3,1]=  -8 [3,2]= NaN [3,3]=Infinity [3,4]=   0 [3,5]=Infinity [3,6]=-Infinity [3,7]= NaN [3,8]= NaN [3,9]=  -8 [3,10]= NaN
 [4,0]= NaN [4,1]=-Infinity [4,2]=   0 [4,3]=Infinity [4,4]= NaN [4,5]=   4 [4,6]=-Infinity [4,7]= NaN [4,8]= NaN [4,9]=-Infinity [4,10]=   0

Rules = [ 1, 5] =  1
                     Simplex table
Position Basis
       0     1
       5     8
       8   200
       4     4
      10   200
 c[ 0]=   1 c[ 1]=   2 c[ 2]=   5 c[ 3]=   3 c[ 4]=   4 c[ 5]=   8 c[ 6]= 200 c[ 7]= 200 c[ 8]= 200 c[ 9]= 200 c[10]= 200      b

 [0,0]= 1,0 [0,1]= 1,0 [0,2]= 1,0 [0,3]= 0,0 [0,4]= 0,0 [0,5]= 0,0 [0,6]= 1,0 [0,7]= 0,0 [0,8]= 0,0 [0,9]= 0,0 [0,10]= 0,0 [0,11]= 7,0
 [1,0]= 0,0 [1,1]=-1,0 [1,2]= 0,0 [1,3]= 1,0 [1,4]= 0,0 [1,5]= 1,0 [1,6]= 0,0 [1,7]= 1,0 [1,8]= 0,0 [1,9]=-1,0 [1,10]= 0,0 [1,11]= 2,0
 [2,0]= 0,0 [2,1]=-1,0 [2,2]=-1,0 [2,3]= 1,0 [2,4]= 0,0 [2,5]= 0,0 [2,6]=-1,0 [2,7]= 0,0 [2,8]= 1,0 [2,9]= 0,0 [2,10]= 0,0 [2,11]= 0,0
 [3,0]= 0,0 [3,1]= 1,0 [3,2]= 0,0 [3,3]= 0,0 [3,4]= 1,0 [3,5]= 0,0 [3,6]= 0,0 [3,7]= 0,0 [3,8]= 0,0 [3,9]= 1,0 [3,10]= 0,0 [3,11]= 4,0
 [4,0]= 0,0 [4,1]= 1,0 [4,2]= 1,0 [4,3]=-1,0 [4,4]= 0,0 [4,5]= 0,0 [4,6]= 0,0 [4,7]=-1,0 [4,8]= 0,0 [4,9]= 1,0 [4,10]= 1,0 [4,11]= 0,0
Z_function =
        0,0       -5,0       -4,0        5,0        0,0        0,0        1,0        8,0        0,0       -4,0        0,0       39,0
Z_function_M =
        0,0        0,0        0,0        0,0        0,0        0,0       -2,0       -2,0        0,0        0,0        0,0        0,0

(b[i] / A[i, j]) * z_fuction_M[j] == Матрица со всеми тао домноженная на Z
 [0,0]= 0,0 [0,1]=-35,0 [0,2]=-28,0 [0,3]=бесконечность [0,4]= NaN [0,5]= NaN [0,6]= 7,0 [0,7]=бесконечность [0,8]= NaN [0,9]=-бесконечность [0,10]= NaN
 [1,0]= NaN [1,1]=10,0 [1,2]=-бесконечность [1,3]=10,0 [1,4]= NaN [1,5]= 0,0 [1,6]=бесконечность [1,7]=16,0 [1,8]= NaN [1,9]= 8,0 [1,10]= NaN
 [2,0]= NaN [2,1]= 0,0 [2,2]= 0,0 [2,3]= 0,0 [2,4]= NaN [2,5]= NaN [2,6]= 0,0 [2,7]= NaN [2,8]= 0,0 [2,9]= NaN [2,10]= NaN
 [3,0]= NaN [3,1]=-20,0 [3,2]=-бесконечность [3,3]=бесконечность [3,4]= 0,0 [3,5]= NaN [3,6]=бесконечность [3,7]=бесконечность [3,8]= NaN [3,9]=-16,0 [3,10]= NaN
 [4,0]= NaN [4,1]= 0,0 [4,2]= 0,0 [4,3]= 0,0 [4,4]= NaN [4,5]= NaN [4,6]= NaN [4,7]= 0,0 [4,8]= NaN [4,9]= 0,0 [4,10]= 0,0

Rules = [ 2, 3] =  1
                     Simplex table
Position Basis
       0     1
       5     8
       3     3
       4     4
      10   200
 c[ 0]=   1 c[ 1]=   2 c[ 2]=   5 c[ 3]=   3 c[ 4]=   4 c[ 5]=   8 c[ 6]= 200 c[ 7]= 200 c[ 8]= 200 c[ 9]= 200 c[10]= 200      b

 [0,0]= 1,0 [0,1]= 1,0 [0,2]= 1,0 [0,3]= 0,0 [0,4]= 0,0 [0,5]= 0,0 [0,6]= 1,0 [0,7]= 0,0 [0,8]= 0,0 [0,9]= 0,0 [0,10]= 0,0 [0,11]= 7,0
 [1,0]= 0,0 [1,1]= 0,0 [1,2]= 1,0 [1,3]= 0,0 [1,4]= 0,0 [1,5]= 1,0 [1,6]= 1,0 [1,7]= 1,0 [1,8]=-1,0 [1,9]=-1,0 [1,10]= 0,0 [1,11]= 2,0
 [2,0]= 0,0 [2,1]=-1,0 [2,2]=-1,0 [2,3]= 1,0 [2,4]= 0,0 [2,5]= 0,0 [2,6]=-1,0 [2,7]= 0,0 [2,8]= 1,0 [2,9]= 0,0 [2,10]= 0,0 [2,11]= 0,0
 [3,0]= 0,0 [3,1]= 1,0 [3,2]= 0,0 [3,3]= 0,0 [3,4]= 1,0 [3,5]= 0,0 [3,6]= 0,0 [3,7]= 0,0 [3,8]= 0,0 [3,9]= 1,0 [3,10]= 0,0 [3,11]= 4,0
 [4,0]= 0,0 [4,1]= 0,0 [4,2]= 0,0 [4,3]= 0,0 [4,4]= 0,0 [4,5]= 0,0 [4,6]=-1,0 [4,7]=-1,0 [4,8]= 1,0 [4,9]= 1,0 [4,10]= 1,0 [4,11]= 0,0
Z_function =
        0,0        0,0        1,0        0,0        0,0        0,0        6,0        8,0       -5,0       -4,0        0,0       39,0
Z_function_M =
        0,0        0,0        0,0        0,0        0,0        0,0       -2,0       -2,0        0,0        0,0        0,0        0,0

(b[i] / A[i, j]) * z_fuction_M[j] == Матрица со всеми тао домноженная на Z
 [0,0]= 0,0 [0,1]= 0,0 [0,2]= 7,0 [0,3]= NaN [0,4]= NaN [0,5]= NaN [0,6]=42,0 [0,7]=бесконечность [0,8]=-бесконечность [0,9]=-бесконечность [0,10]= NaN
 [1,0]= NaN [1,1]= NaN [1,2]= 2,0 [1,3]= NaN [1,4]= NaN [1,5]= 0,0 [1,6]=12,0 [1,7]=16,0 [1,8]=10,0 [1,9]= 8,0 [1,10]= NaN
 [2,0]= NaN [2,1]= 0,0 [2,2]= 0,0 [2,3]= 0,0 [2,4]= NaN [2,5]= NaN [2,6]= 0,0 [2,7]= NaN [2,8]= 0,0 [2,9]= NaN [2,10]= NaN
 [3,0]= NaN [3,1]= 0,0 [3,2]=бесконечность [3,3]= NaN [3,4]= 0,0 [3,5]= NaN [3,6]=бесконечность [3,7]=бесконечность [3,8]=-бесконечность [3,9]=-16,0 [3,10]= NaN
 [4,0]= NaN [4,1]= NaN [4,2]= NaN [4,3]= NaN [4,4]= NaN [4,5]= NaN [4,6]= 0,0 [4,7]= 0,0 [4,8]= 0,0 [4,9]= 0,0 [4,10]= 0,0

Rules = [ 1, 2] =  1
                     Simplex table
Position Basis
       0     1
       2     5
       3     3
       4     4
      10   200
 c[ 0]=   1 c[ 1]=   2 c[ 2]=   5 c[ 3]=   3 c[ 4]=   4 c[ 5]=   8 c[ 6]= 200 c[ 7]= 200 c[ 8]= 200 c[ 9]= 200 c[10]= 200      b

 [0,0]= 1,0 [0,1]= 1,0 [0,2]= 0,0 [0,3]= 0,0 [0,4]= 0,0 [0,5]=-1,0 [0,6]= 0,0 [0,7]=-1,0 [0,8]= 1,0 [0,9]= 1,0 [0,10]= 0,0 [0,11]= 5,0
 [1,0]= 0,0 [1,1]= 0,0 [1,2]= 1,0 [1,3]= 0,0 [1,4]= 0,0 [1,5]= 1,0 [1,6]= 1,0 [1,7]= 1,0 [1,8]=-1,0 [1,9]=-1,0 [1,10]= 0,0 [1,11]= 2,0
 [2,0]= 0,0 [2,1]=-1,0 [2,2]= 0,0 [2,3]= 1,0 [2,4]= 0,0 [2,5]= 1,0 [2,6]= 0,0 [2,7]= 1,0 [2,8]= 0,0 [2,9]=-1,0 [2,10]= 0,0 [2,11]= 2,0
 [3,0]= 0,0 [3,1]= 1,0 [3,2]= 0,0 [3,3]= 0,0 [3,4]= 1,0 [3,5]= 0,0 [3,6]= 0,0 [3,7]= 0,0 [3,8]= 0,0 [3,9]= 1,0 [3,10]= 0,0 [3,11]= 4,0
 [4,0]= 0,0 [4,1]= 0,0 [4,2]= 0,0 [4,3]= 0,0 [4,4]= 0,0 [4,5]= 0,0 [4,6]=-1,0 [4,7]=-1,0 [4,8]= 1,0 [4,9]= 1,0 [4,10]= 1,0 [4,11]= 0,0
Z_function =
        0,0        0,0        0,0        0,0        0,0       -1,0        5,0        7,0       -4,0       -3,0        0,0       37,0
Z_function_M =
        0,0        0,0        0,0        0,0        0,0        0,0       -2,0       -2,0        0,0        0,0        0,0        0,0
 Задача решена все z - ci <= 0
Ответ :
  5  0  2  2  4
Целевая = 37,000