SAj = 11,000 \ SBi = 11,000
Транспортная задача - сбалансированность
Начальный опорный план:


    5   -1
    2    4
--------
F=   27
--------
Потенциалы:
u:
  0
  2

v:
  1  2
--------
Матрица оценок свободных ячеек (если ячейка занята - ставим 88)

  88   0
  88  88

--------
Оптимальный план:

   5  -1
   2   4
Fmin=   27
                     Simplex table
Position Basis
       4   200
       5   200
       6   200
       7   200
 c[ 0]=   1 c[ 1]=   2 c[ 2]=   3 c[ 3]=   4 c[ 4]= 200 c[ 5]= 200 c[ 6]= 200 c[ 7]= 200      b

 [0,0]= 1,0 [0,1]= 1,0 [0,2]= 0,0 [0,3]= 0,0 [0,4]= 1,0 [0,5]= 0,0 [0,6]= 0,0 [0,7]= 0,0 [0,8]= 5,0
 [1,0]= 0,0 [1,1]= 0,0 [1,2]= 1,0 [1,3]= 1,0 [1,4]= 0,0 [1,5]= 1,0 [1,6]= 0,0 [1,7]= 0,0 [1,8]= 6,0
 [2,0]= 1,0 [2,1]= 0,0 [2,2]= 1,0 [2,3]= 0,0 [2,4]= 0,0 [2,5]= 0,0 [2,6]= 1,0 [2,7]= 0,0 [2,8]= 7,0
 [3,0]= 0,0 [3,1]= 1,0 [3,2]= 0,0 [3,3]= 1,0 [3,4]= 0,0 [3,5]= 0,0 [3,6]= 0,0 [3,7]= 1,0 [3,8]= 4,0
Z_function =
       -1,0       -2,0       -3,0       -4,0        0,0        0,0        0,0        0,0        0,0
Z_function_M =
        2,0        2,0        2,0        2,0        0,0        0,0        0,0        0,0       22,0

Rules = [ 1, 2] =  1
                     Simplex table
Position Basis
       4   200
       2     3
       6   200
       7   200
 c[ 0]=   1 c[ 1]=   2 c[ 2]=   3 c[ 3]=   4 c[ 4]= 200 c[ 5]= 200 c[ 6]= 200 c[ 7]= 200      b

 [0,0]= 1,0 [0,1]= 1,0 [0,2]= 0,0 [0,3]= 0,0 [0,4]= 1,0 [0,5]= 0,0 [0,6]= 0,0 [0,7]= 0,0 [0,8]= 5,0
 [1,0]= 0,0 [1,1]= 0,0 [1,2]= 1,0 [1,3]= 1,0 [1,4]= 0,0 [1,5]= 1,0 [1,6]= 0,0 [1,7]= 0,0 [1,8]= 6,0
 [2,0]= 1,0 [2,1]= 0,0 [2,2]= 0,0 [2,3]=-1,0 [2,4]= 0,0 [2,5]=-1,0 [2,6]= 1,0 [2,7]= 0,0 [2,8]= 1,0
 [3,0]= 0,0 [3,1]= 1,0 [3,2]= 0,0 [3,3]= 1,0 [3,4]= 0,0 [3,5]= 0,0 [3,6]= 0,0 [3,7]= 1,0 [3,8]= 4,0
Z_function =
       -1,0       -2,0        0,0       -1,0        0,0        3,0        0,0        0,0       18,0
Z_function_M =
        2,0        2,0        0,0        0,0        0,0       -2,0        0,0        0,0       10,0

Rules = [ 3, 1] =  1
                     Simplex table
Position Basis
       4   200
       2     3
       6   200
       1     2
 c[ 0]=   1 c[ 1]=   2 c[ 2]=   3 c[ 3]=   4 c[ 4]= 200 c[ 5]= 200 c[ 6]= 200 c[ 7]= 200      b

 [0,0]= 1,0 [0,1]= 0,0 [0,2]= 0,0 [0,3]=-1,0 [0,4]= 1,0 [0,5]= 0,0 [0,6]= 0,0 [0,7]=-1,0 [0,8]= 1,0
 [1,0]= 0,0 [1,1]= 0,0 [1,2]= 1,0 [1,3]= 1,0 [1,4]= 0,0 [1,5]= 1,0 [1,6]= 0,0 [1,7]= 0,0 [1,8]= 6,0
 [2,0]= 1,0 [2,1]= 0,0 [2,2]= 0,0 [2,3]=-1,0 [2,4]= 0,0 [2,5]=-1,0 [2,6]= 1,0 [2,7]= 0,0 [2,8]= 1,0
 [3,0]= 0,0 [3,1]= 1,0 [3,2]= 0,0 [3,3]= 1,0 [3,4]= 0,0 [3,5]= 0,0 [3,6]= 0,0 [3,7]= 1,0 [3,8]= 4,0
Z_function =
       -1,0        0,0        0,0        1,0        0,0        3,0        0,0        2,0       26,0
Z_function_M =
        2,0        0,0        0,0       -2,0        0,0       -2,0        0,0       -2,0        2,0

Rules = [ 0, 0] =  1
                     Simplex table
Position Basis
       0     1
       2     3
       6   200
       1     2
 c[ 0]=   1 c[ 1]=   2 c[ 2]=   3 c[ 3]=   4 c[ 4]= 200 c[ 5]= 200 c[ 6]= 200 c[ 7]= 200      b

 [0,0]= 1,0 [0,1]= 0,0 [0,2]= 0,0 [0,3]=-1,0 [0,4]= 1,0 [0,5]= 0,0 [0,6]= 0,0 [0,7]=-1,0 [0,8]= 1,0
 [1,0]= 0,0 [1,1]= 0,0 [1,2]= 1,0 [1,3]= 1,0 [1,4]= 0,0 [1,5]= 1,0 [1,6]= 0,0 [1,7]= 0,0 [1,8]= 6,0
 [2,0]= 0,0 [2,1]= 0,0 [2,2]= 0,0 [2,3]= 0,0 [2,4]=-1,0 [2,5]=-1,0 [2,6]= 1,0 [2,7]= 1,0 [2,8]= 0,0
 [3,0]= 0,0 [3,1]= 1,0 [3,2]= 0,0 [3,3]= 1,0 [3,4]= 0,0 [3,5]= 0,0 [3,6]= 0,0 [3,7]= 1,0 [3,8]= 4,0
Z_function =
        0,0        0,0        0,0        0,0        1,0        3,0        0,0        1,0       27,0
Z_function_M =
        0,0        0,0        0,0        0,0       -2,0       -2,0        0,0        0,0        0,0